CAPS Score Classification Report - Entropy Features
============================================================

Features used (2):
  1. Sample Entropy
  2. weekly_sampen

Normalization: MinMaxScaler (0-1 range)

Accuracy: 0.6481
MAE: 5.3832

============================================================

              precision    recall  f1-score   support

           3       0.43      0.62      0.50       502
           7       0.48      0.28      0.35       355
           8       0.46      0.70      0.56       550
          10       0.56      0.43      0.49       367
          11       0.68      0.43      0.53       367
          13       0.72      0.41      0.52       451
          15       0.97      0.73      0.83       384
          16       0.76      0.53      0.62       552
          17       0.56      0.77      0.65      1141
          18       0.59      0.61      0.60       871
          19       0.73      0.39      0.51       466
          20       0.94      0.74      0.83       590
          22       0.78      0.66      0.71       569
          23       0.93      0.56      0.70       449
          24       1.00      0.34      0.51       151
          25       0.55      0.84      0.66       561
          26       1.00      0.03      0.06        63
          27       0.48      0.87      0.62      1779
          28       0.49      0.72      0.58       348
          29       0.93      0.51      0.66       449
          32       0.62      0.61      0.62       329
          36       0.93      0.52      0.67       384
          38       0.89      0.64      0.74       257
          39       0.83      0.59      0.69       698
          40       0.94      0.64      0.76       622
          41       0.91      0.78      0.84       564
          43       1.00      0.73      0.84        63
          47       0.76      0.57      0.65       329
          49       0.99      0.70      0.82       146
          50       0.82      0.41      0.55       154
          51       0.51      0.80      0.62       909
          52       0.69      0.76      0.72       629
          53       1.00      0.52      0.69       134
          55       0.95      0.60      0.74       319
          56       0.89      0.67      0.77       449
          57       1.00      0.56      0.72        96
          58       0.72      0.68      0.70       341
          59       0.79      0.39      0.52        77
          60       1.00      0.37      0.54       146
          61       0.99      0.62      0.76       132
          62       0.00      0.00      0.00        24
          63       0.96      0.79      0.87       360
          66       0.98      0.37      0.53       139

    accuracy                           0.65     18266
   macro avg       0.77      0.57      0.62     18266
weighted avg       0.71      0.65      0.65     18266
